1000000000000
1000050000000
1000100000000
1000150000000
1000200000000
1000250000000
1000300000000
1000350000000
1000400000000
1000450000000
1000500000000
1000550000000
1000600000000
1000650000000
1000700000000
1000750000000
1000800000000
1000850000000
1000900000000
1000950000000
1001000000000
1001050000000
1001100000000
1001150000000
1001200000000
1001250000000
1001300000000
1001350000000
1001400000000
1001450000000
1001500000000
1001550000000
1001600000000
1001650000000
1001700000000
1001750000000
1001800000000
1001850000000
1001900000000
1001950000000
1002000000000
1002050000000
1002100000000
1002150000000
1002200000000
1002250000000
1002300000000
1002350000000
1002400000000
1002450000000
1002500000000
1002550000000
1002600000000
1002650000000
1002700000000
1002750000000
1002800000000
1002850000000
1002900000000
1002950000000
1003000000000
1003050000000
1003100000000
1003150000000
1003200000000
1003250000000
1003300000000
1003350000000
1003400000000
1003450000000
1003500000000
1003550000000
1003600000000
1003650000000
1003700000000
1003750000000
1003800000000
1003850000000
1003900000000
1003950000000
1004000000000
1004050000000
1004100000000
1004150000000
1004200000000
1004250000000
1004300000000
1004350000000
1004400000000
1004450000000
1004500000000
1004550000000
1004600000000
1004650000000
1004700000000
1004750000000
1004800000000
1004850000000
1004900000000
1004950000000
1005000000000
1005050000000
1005100000000
1005150000000
1005200000000
1005250000000
1005300000000
1005350000000
1005400000000
1005450000000
1005500000000
1005550000000
1005600000000
1005650000000
1005700000000
1005750000000
1005800000000
1005850000000
1005900000000
1005950000000
1006000000000
1006050000000
1006100000000
1006150000000
1006200000000
1006250000000
1006300000000
1006350000000
1006400000000
1006450000000
1006500000000
1006550000000
1006600000000
1006650000000
1006700000000
1006750000000
1006800000000
1006850000000
1006900000000
1006950000000
1007000000000
1007050000000
1007100000000
1007150000000
1007200000000
1007250000000
1007300000000
1007350000000
1007400000000
1007450000000
1007500000000
1007550000000
1007600000000
1007650000000
1007700000000
1007750000000
1007800000000
1007850000000
1007900000000
1007950000000
1008000000000
1008050000000
1008100000000
1008150000000
1008200000000
1008250000000
1008300000000
1008350000000
1008400000000
1008450000000
1008500000000
1008550000000
1008600000000
1008650000000
1008700000000
1008750000000
1008800000000
1008850000000
1008900000000
1008950000000
1009000000000
1009050000000
1009100000000
1009150000000
1009200000000
1009250000000
1009300000000
1009350000000
1009400000000
1009450000000
1009500000000
1009550000000
1009600000000
1009650000000
1009700000000
1009750000000
1009800000000
1009850000000
1009900000000
1009950000000
1010000000000
1010050000000
1010100000000
1010150000000
1010200000000
1010250000000
1010300000000
1010350000000
1010400000000
1010450000000
1010500000000
1010550000000
1010600000000
1010650000000
1010700000000
1010750000000
1010800000000
1010850000000
1010900000000
1010950000000
1011000000000
1011050000000
1011100000000
1011150000000
1011200000000
1011250000000
1011300000000
1011350000000
1011400000000
1011450000000
1011500000000
1011550000000
1011600000000
1011650000000
1011700000000
1011750000000
1011800000000
1011850000000
1011900000000
1011950000000
1012000000000
1012050000000
1012100000000
1012150000000
1012200000000
1012250000000
1012300000000
1012350000000
1012400000000
1012450000000
1012500000000
1012550000000
1012600000000
1012650000000
1012700000000
1012750000000
1012800000000
1012850000000
1012900000000
1012950000000
1013000000000
1013050000000
1013100000000
1013150000000
1013200000000
1013250000000
1013300000000
1013350000000
1013400000000
1013450000000
1013500000000
1013550000000
1013600000000
1013650000000
1013700000000
1013750000000
1013800000000
1013850000000
1013900000000
1013950000000
1014000000000
1014050000000
1014100000000
1014150000000
1014200000000
1014250000000
1014300000000
1014350000000
1014400000000
1014450000000
1014500000000
1014550000000
1014600000000
1014650000000
1014700000000
1014750000000
1014800000000
1014850000000
1014900000000
1014950000000
1015000000000
1015050000000
1015100000000
1015150000000
1015200000000
1015250000000
1015300000000
1015350000000
1015400000000
1015450000000
1015500000000
1015550000000
1015600000000
1015650000000
1015700000000
1015750000000
1015800000000
1015850000000
1015900000000
1015950000000
1016000000000
1016050000000
1016100000000
1016150000000
1016200000000
1016250000000
1016300000000
1016350000000
1016400000000
1016450000000
1016500000000
1016550000000
1016600000000
1016650000000
1016700000000
1016750000000
1016800000000
1016850000000
1016900000000
1016950000000
1017000000000
1017050000000
1017100000000
1017150000000
1017200000000
1017250000000
1017300000000
1017350000000
1017400000000
1017450000000
1017500000000
1017550000000
1017600000000
1017650000000
1017700000000
1017750000000
1017800000000
1017850000000
1017900000000
1017950000000
1018000000000
1018050000000
1018100000000
1018150000000
1018200000000
1018250000000
1018300000000
1018350000000
1018400000000
1018450000000
1018500000000
1018550000000
1018600000000
1018650000000
1018700000000
1018750000000
1018800000000
1018850000000
1018900000000
1018950000000
1019000000000
1019050000000
1019100000000
1019150000000
1019200000000
1019250000000
1019300000000
1019350000000
1019400000000
1019450000000
1019500000000
1019550000000
1019600000000
1019650000000
1019700000000
1019750000000
1019800000000
1019850000000
1019900000000
1019950000000
1020000000000
1020050000000
1020100000000
1020150000000
1020200000000
1020250000000
1020300000000
1020350000000
1020400000000
1020450000000
1020500000000
1020550000000
1020600000000
1020650000000
1020700000000
1020750000000
1020800000000
1020850000000
1020900000000
1020950000000
1021000000000
1021050000000
1021100000000
1021150000000
1021200000000
1021250000000
1021300000000
1021350000000
1021400000000
1021450000000
1021500000000
1021550000000
1021600000000
1021650000000
1021700000000
1021750000000
1021800000000
1021850000000
1021900000000
1021950000000
1022000000000
1022050000000
1022100000000
1022150000000
1022200000000
1022250000000
1022300000000
1022350000000
1022400000000
1022450000000
1022500000000
1022550000000
1022600000000
1022650000000
1022700000000
1022750000000
1022800000000
1022850000000
1022900000000
1022950000000
1023000000000
1023050000000
1023100000000
1023150000000
1023200000000
1023250000000
1023300000000
1023350000000
1023400000000
1023450000000
1023500000000
1023550000000
1023600000000
1023650000000
1023700000000
1023750000000
1023800000000
1023850000000
1023900000000
1023950000000
1024000000000
1024050000000
1024100000000
1024150000000
1024200000000
1024250000000
1024300000000
1024350000000
1024400000000
1024450000000
1024500000000
1024550000000
1024600000000
1024650000000
1024700000000
1024750000000
1024800000000
1024850000000
1024900000000
1024950000000
1025000000000
1025050000000
1025100000000
1025150000000
1025200000000
1025250000000
1025300000000
1025350000000
1025400000000
1025450000000
1025500000000
1025550000000
1025600000000
1025650000000
1025700000000
1025750000000
1025800000000
1025850000000
1025900000000
1025950000000
1026000000000
1026050000000
1026100000000
1026150000000
1026200000000
1026250000000
1026300000000
1026350000000
1026400000000
1026450000000
1026500000000
1026550000000
1026600000000
1026650000000
1026700000000
1026750000000
1026800000000
1026850000000
1026900000000
1026950000000
1027000000000
1027050000000
1027100000000
1027150000000
1027200000000
1027250000000
1027300000000
1027350000000
1027400000000
1027450000000
1027500000000
1027550000000
1027600000000
1027650000000
1027700000000
1027750000000
1027800000000
1027850000000
1027900000000
1027950000000
1028000000000
1028050000000
1028100000000
1028150000000
1028200000000
1028250000000
1028300000000
1028350000000
1028400000000
1028450000000
1028500000000
1028550000000
1028600000000
1028650000000
1028700000000
1028750000000
1028800000000
1028850000000
1028900000000
1028950000000
1029000000000
1029050000000
1029100000000
1029150000000
1029200000000
1029250000000
1029300000000
1029350000000
1029400000000
1029450000000
1029500000000
1029550000000
1029600000000
1029650000000
1029700000000
1029750000000
1029800000000
1029850000000
1029900000000
1029950000000
1030000000000
1030050000000
1030100000000
1030150000000
1030200000000
1030250000000
1030300000000
1030350000000
1030400000000
1030450000000
1030500000000
1030550000000
1030600000000
1030650000000
1030700000000
1030750000000
1030800000000
1030850000000
1030900000000
1030950000000
1031000000000
1031050000000
1031100000000
1031150000000
1031200000000
1031250000000
1031300000000
1031350000000
1031400000000
1031450000000
1031500000000
1031550000000
1031600000000
1031650000000
1031700000000
1031750000000
1031800000000
1031850000000
1031900000000
1031950000000
1032000000000
1032050000000
1032100000000
1032150000000
1032200000000
1032250000000
1032300000000
1032350000000
1032400000000
1032450000000
1032500000000
1032550000000
1032600000000
1032650000000
1032700000000
1032750000000
1032800000000
1032850000000
1032900000000
1032950000000
1033000000000
1033050000000
1033100000000
1033150000000
1033200000000
1033250000000
1033300000000
1033350000000
1033400000000
1033450000000
1033500000000
1033550000000
1033600000000
1033650000000
1033700000000
1033750000000
1033800000000
1033850000000
1033900000000
1033950000000
1034000000000
1034050000000
1034100000000
1034150000000
1034200000000
1034250000000
1034300000000
1034350000000
1034400000000
1034450000000
1034500000000
1034550000000
1034600000000
1034650000000
1034700000000
1034750000000
1034800000000
1034850000000
1034900000000
1034950000000
1035000000000
1035050000000
1035100000000
1035150000000
1035200000000
1035250000000
1035300000000
1035350000000
1035400000000
1035450000000
1035500000000
1035550000000
1035600000000
1035650000000
1035700000000
1035750000000
1035800000000
1035850000000
1035900000000
1035950000000
1036000000000
1036050000000
1036100000000
1036150000000
1036200000000
1036250000000
1036300000000
1036350000000
1036400000000
1036450000000
1036500000000
1036550000000
1036600000000
1036650000000
1036700000000
1036750000000
1036800000000
1036850000000
1036900000000
1036950000000
1037000000000
1037050000000
1037100000000
1037150000000
1037200000000
1037250000000
1037300000000
1037350000000
1037400000000
1037450000000
1037500000000
1037550000000
1037600000000
1037650000000
1037700000000
1037750000000
1037800000000
1037850000000
1037900000000
1037950000000
1038000000000
1038050000000
1038100000000
1038150000000
1038200000000
1038250000000
1038300000000
1038350000000
1038400000000
1038450000000
1038500000000
1038550000000
1038600000000
1038650000000
1038700000000
1038750000000
1038800000000
1038850000000
1038900000000
1038950000000
1039000000000
1039050000000
1039100000000
1039150000000
1039200000000
1039250000000
1039300000000
1039350000000
1039400000000
1039450000000
1039500000000
1039550000000
1039600000000
1039650000000
1039700000000
1039750000000
1039800000000
1039850000000
1039900000000
1039950000000
1040000000000
1040050000000
1040100000000
1040150000000
1040200000000
1040250000000
1040300000000
1040350000000
1040400000000
1040450000000
1040500000000
1040550000000
1040600000000
1040650000000
1040700000000
1040750000000
1040800000000
1040850000000
1040900000000
1040950000000
1041000000000
1041050000000
1041100000000
1041150000000
1041200000000
1041250000000
1041300000000
1041350000000
1041400000000
1041450000000
1041500000000
1041550000000
1041600000000
1041650000000
1041700000000
1041750000000
1041800000000
1041850000000
1041900000000
1041950000000
1042000000000
1042050000000
1042100000000
1042150000000
1042200000000
1042250000000
1042300000000
1042350000000
1042400000000
1042450000000
1042500000000
1042550000000
1042600000000
1042650000000
1042700000000
1042750000000
1042800000000
1042850000000
1042900000000
1042950000000
1043000000000
1043050000000
1043100000000
1043150000000
1043200000000
1043250000000
1043300000000
1043350000000
1043400000000
1043450000000
1043500000000
1043550000000
1043600000000
1043650000000
1043700000000
1043750000000
1043800000000
1043850000000
1043900000000
1043950000000
1044000000000
1044050000000
1044100000000
1044150000000
1044200000000
1044250000000
1044300000000
1044350000000
1044400000000
1044450000000
1044500000000
1044550000000
1044600000000
1044650000000
1044700000000
1044750000000
1044800000000
1044850000000
1044900000000
1044950000000
1045000000000
1045050000000
1045100000000
1045150000000
1045200000000
1045250000000
1045300000000
1045350000000
1045400000000
1045450000000
1045500000000
1045550000000
1045600000000
1045650000000
1045700000000
1045750000000
1045800000000
1045850000000
1045900000000
1045950000000
1046000000000
1046050000000
1046100000000
1046150000000
1046200000000
1046250000000
1046300000000
1046350000000
1046400000000
1046450000000
1046500000000
1046550000000
1046600000000
1046650000000
1046700000000
1046750000000
1046800000000
1046850000000
1046900000000
1046950000000
1047000000000
1047050000000
1047100000000
1047150000000
1047200000000
1047250000000
1047300000000
1047350000000
1047400000000
1047450000000
1047500000000
1047550000000
1047600000000
1047650000000
1047700000000
1047750000000
1047800000000
1047850000000
1047900000000
1047950000000
1048000000000
1048050000000
1048100000000
1048150000000
1048200000000
1048250000000
1048300000000
1048350000000
1048400000000
1048450000000
1048500000000
1048550000000
1048600000000
1048650000000
1048700000000
1048750000000
1048800000000
1048850000000
1048900000000
1048950000000
1049000000000
1049050000000
1049100000000
1049150000000
1049200000000
1049250000000
1049300000000
1049350000000
1049400000000
1049450000000
1049500000000
1049550000000
1049600000000
1049650000000
1049700000000
1049750000000
1049800000000
1049850000000
1049900000000
1049950000000
1050000000000
1050050000000
1050100000000
1050150000000
1050200000000
1050250000000
1050300000000
1050350000000
1050400000000
1050450000000
1050500000000
1050550000000
1050600000000
1050650000000
1050700000000
1050750000000
1050800000000
1050850000000
1050900000000
1050950000000
1051000000000
1051050000000
1051100000000
1051150000000
1051200000000
1051250000000
1051300000000
1051350000000
1051400000000
1051450000000
1051500000000
1051550000000
1051600000000
1051650000000
1051700000000
1051750000000
1051800000000
1051850000000
1051900000000
1051950000000
1052000000000
1052050000000
1052100000000
1052150000000
1052200000000
1052250000000
1052300000000
1052350000000
1052400000000
1052450000000
1052500000000
1052550000000
1052600000000
1052650000000
1052700000000
1052750000000
1052800000000
1052850000000
1052900000000
1052950000000
1053000000000
1053050000000
1053100000000
1053150000000
1053200000000
1053250000000
1053300000000
1053350000000
1053400000000
1053450000000
1053500000000
1053550000000
1053600000000
1053650000000
1053700000000
1053750000000
1053800000000
1053850000000
1053900000000
1053950000000
1054000000000
1054050000000
1054100000000
1054150000000
1054200000000
1054250000000
1054300000000
1054350000000
1054400000000
1054450000000
1054500000000
1054550000000
1054600000000
1054650000000
1054700000000
1054750000000
1054800000000
1054850000000
1054900000000
1054950000000
1055000000000
1055050000000
1055100000000
1055150000000
1055200000000
1055250000000
1055300000000
1055350000000
1055400000000
1055450000000
1055500000000
1055550000000
1055600000000
1055650000000
1055700000000
1055750000000
1055800000000
1055850000000
1055900000000
1055950000000
1056000000000
1056050000000
1056100000000
1056150000000
1056200000000
1056250000000
1056300000000
1056350000000
1056400000000
1056450000000
1056500000000
1056550000000
1056600000000
1056650000000
1056700000000
1056750000000
1056800000000
1056850000000
1056900000000
1056950000000
1057000000000
1057050000000
1057100000000
1057150000000
1057200000000
1057250000000
1057300000000
1057350000000
1057400000000
1057450000000
1057500000000
1057550000000
1057600000000
1057650000000
1057700000000
1057750000000
1057800000000
1057850000000
1057900000000
1057950000000
1058000000000
1058050000000
1058100000000
1058150000000
1058200000000
1058250000000
1058300000000
1058350000000
1058400000000
1058450000000
1058500000000
1058550000000
1058600000000
1058650000000
1058700000000
1058750000000
1058800000000
1058850000000
1058900000000
1058950000000
1059000000000
1059050000000
1059100000000
1059150000000
1059200000000
1059250000000
1059300000000
1059350000000
1059400000000
1059450000000
1059500000000
1059550000000
1059600000000
1059650000000
1059700000000
1059750000000
1059800000000
1059850000000
1059900000000
1059950000000
1060000000000
1060050000000
1060100000000
1060150000000
1060200000000
1060250000000
1060300000000
1060350000000
1060400000000
1060450000000
1060500000000
1060550000000
1060600000000
1060650000000
1060700000000
1060750000000
1060800000000
1060850000000
1060900000000
1060950000000
1061000000000
1061050000000
1061100000000
1061150000000
1061200000000
1061250000000
1061300000000
1061350000000
1061400000000
1061450000000
1061500000000
1061550000000
1061600000000
1061650000000
1061700000000
1061750000000
1061800000000
1061850000000
1061900000000
1061950000000
1062000000000
1062050000000
1062100000000
1062150000000
1062200000000
1062250000000
1062300000000
1062350000000
1062400000000
1062450000000
1062500000000
1062550000000
1062600000000
1062650000000
1062700000000
1062750000000
1062800000000
1062850000000
1062900000000
1062950000000
1063000000000
1063050000000
1063100000000
1063150000000
1063200000000
1063250000000
1063300000000
1063350000000
1063400000000
1063450000000
1063500000000
1063550000000
1063600000000
1063650000000
1063700000000
1063750000000
1063800000000
1063850000000
1063900000000
1063950000000
1064000000000
1064050000000
1064100000000
1064150000000
1064200000000
1064250000000
1064300000000
1064350000000
1064400000000
1064450000000
1064500000000
1064550000000
1064600000000
1064650000000
1064700000000
1064750000000
1064800000000
1064850000000
1064900000000
1064950000000
1065000000000
1065050000000
1065100000000
1065150000000
1065200000000
1065250000000
1065300000000
1065350000000
1065400000000
1065450000000
1065500000000
1065550000000
1065600000000
1065650000000
1065700000000
1065750000000
1065800000000
1065850000000
1065900000000
1065950000000
1066000000000
1066050000000
1066100000000
1066150000000
1066200000000
1066250000000
1066300000000
1066350000000
1066400000000
1066450000000
1066500000000
1066550000000
1066600000000
1066650000000
1066700000000
1066750000000
1066800000000
1066850000000
1066900000000
1066950000000
1067000000000
1067050000000
1067100000000
1067150000000
1067200000000
1067250000000
1067300000000
1067350000000
1067400000000
1067450000000
1067500000000
1067550000000
1067600000000
1067650000000
1067700000000
1067750000000
1067800000000
1067850000000
1067900000000
1067950000000
1068000000000
1068050000000
1068100000000
1068150000000
1068200000000
1068250000000
1068300000000
1068350000000
1068400000000
1068450000000
1068500000000
1068550000000
1068600000000
1068650000000
1068700000000
1068750000000
1068800000000
1068850000000
1068900000000
1068950000000
1069000000000
1069050000000
1069100000000
1069150000000
1069200000000
1069250000000
1069300000000
1069350000000
1069400000000
1069450000000
1069500000000
1069550000000
1069600000000
1069650000000
1069700000000
1069750000000
1069800000000
1069850000000
1069900000000
1069950000000
1070000000000
1070050000000
1070100000000
1070150000000
1070200000000
1070250000000
1070300000000
1070350000000
1070400000000
1070450000000
1070500000000
1070550000000
1070600000000
1070650000000
1070700000000
1070750000000
1070800000000
1070850000000
1070900000000
1070950000000
1071000000000
1071050000000
1071100000000
1071150000000
1071200000000
1071250000000
1071300000000
1071350000000
1071400000000
1071450000000
1071500000000
1071550000000
1071600000000
1071650000000
1071700000000
1071750000000
1071800000000
1071850000000
1071900000000
1071950000000
1072000000000
1072050000000
1072100000000
1072150000000
1072200000000
1072250000000
1072300000000
1072350000000
1072400000000
1072450000000
1072500000000
1072550000000
1072600000000
1072650000000
1072700000000
1072750000000
1072800000000
1072850000000
1072900000000
1072950000000
1073000000000
1073050000000
1073100000000
1073150000000
1073200000000
1073250000000
1073300000000
1073350000000
1073400000000
1073450000000
1073500000000
1073550000000
1073600000000
1073650000000
1073700000000
1073750000000
1073800000000
1073850000000
1073900000000
1073950000000
1074000000000
1074050000000
1074100000000
1074150000000
1074200000000
1074250000000
1074300000000
1074350000000
1074400000000
1074450000000
1074500000000
1074550000000
1074600000000
1074650000000
1074700000000
1074750000000
1074800000000
1074850000000
1074900000000
1074950000000
1075000000000
1075050000000
1075100000000
1075150000000
1075200000000
1075250000000
1075300000000
1075350000000
1075400000000
1075450000000
1075500000000
1075550000000
1075600000000
1075650000000
1075700000000
1075750000000
1075800000000
1075850000000
1075900000000
1075950000000
1076000000000
1076050000000
1076100000000
1076150000000
1076200000000
1076250000000
1076300000000
1076350000000
1076400000000
1076450000000
1076500000000
1076550000000
1076600000000
1076650000000
1076700000000
1076750000000
1076800000000
1076850000000
1076900000000
1076950000000
1077000000000
1077050000000
1077100000000
1077150000000
1077200000000
1077250000000
1077300000000
1077350000000
1077400000000
1077450000000
1077500000000
1077550000000
1077600000000
1077650000000
1077700000000
1077750000000
1077800000000
1077850000000
1077900000000
1077950000000
1078000000000
1078050000000
1078100000000
1078150000000
1078200000000
1078250000000
1078300000000
1078350000000
1078400000000
1078450000000
1078500000000
1078550000000
1078600000000
1078650000000
1078700000000
1078750000000
1078800000000
1078850000000
1078900000000
1078950000000
1079000000000
1079050000000
1079100000000
1079150000000
1079200000000
1079250000000
1079300000000
1079350000000
1079400000000
1079450000000
1079500000000
1079550000000
1079600000000
1079650000000
1079700000000
1079750000000
1079800000000
1079850000000
1079900000000
1079950000000
1080000000000
1080050000000
1080100000000
1080150000000
1080200000000
1080250000000
1080300000000
1080350000000
1080400000000
1080450000000
1080500000000
1080550000000
1080600000000
1080650000000
1080700000000
1080750000000
1080800000000
1080850000000
1080900000000
1080950000000
1081000000000
1081050000000
1081100000000
1081150000000
1081200000000
1081250000000
1081300000000
1081350000000
1081400000000
1081450000000
1081500000000
1081550000000
1081600000000
1081650000000
1081700000000
1081750000000
1081800000000
1081850000000
1081900000000
1081950000000
1082000000000
1082050000000
1082100000000
1082150000000
1082200000000
1082250000000
1082300000000
1082350000000
1082400000000
1082450000000
1082500000000
1082550000000
1082600000000
1082650000000
1082700000000
1082750000000
1082800000000
1082850000000
1082900000000
1082950000000
1083000000000
1083050000000
1083100000000
1083150000000
1083200000000
1083250000000
1083300000000
1083350000000
1083400000000
1083450000000
1083500000000
1083550000000
1083600000000
1083650000000
1083700000000
1083750000000
1083800000000
1083850000000
1083900000000
1083950000000
1084000000000
1084050000000
1084100000000
1084150000000
1084200000000
1084250000000
1084300000000
1084350000000
1084400000000
1084450000000
1084500000000
1084550000000
1084600000000
1084650000000
1084700000000
1084750000000
1084800000000
1084850000000
1084900000000
1084950000000
1085000000000
1085050000000
1085100000000
1085150000000
1085200000000
1085250000000
1085300000000
1085350000000
1085400000000
1085450000000
1085500000000
1085550000000
1085600000000
1085650000000
1085700000000
1085750000000
1085800000000
1085850000000
1085900000000
1085950000000
1086000000000
1086050000000
1086100000000
1086150000000
1086200000000
1086250000000
1086300000000
1086350000000
1086400000000
1086450000000
1086500000000
1086550000000
1086600000000
1086650000000
1086700000000
1086750000000
1086800000000
1086850000000
1086900000000
1086950000000
1087000000000
1087050000000
